{
    "color": {
        "a": 1.0,
        "b": 0.4640282392501831,
        "g": 0.7696078419685364,
        "r": 0.4730159044265747
    },
    "diffuse_intensity": 0.5,
    "roughness": 0.5,
    "shininess": 0.5,
    "specular_intensity": 0.5
}