{
    "color": {
        "a": 1.0,
        "b": 0.7400999665260315,
        "g": 0.8439910411834717,
        "r": 0.8578431606292725
    },
    "diffuse_intensity": 0.49399998784065247,
    "roughness": 0.0,
    "shininess": 0.5,
    "specular_intensity": 0.0
}